# id	file_path	transparent_color_r	g	b
[TILEMAP DATA]
Resources\Tilemap\world1-1-1.txt
# id	left	top	right	bottom	texture_id
[SPRITES]
# ==== Brick ==== 
22001	0	0	16	16	31
22002	48	0	64	16	31
22003	64	0	80	16	31
22004	16	0	32	16	31
22005	32	0	48	16	31
# ---- powerMelter filled iconP ---- 
50006	73	162	87	168	80
# transparent
10999	180	8	196	24	110
# ==== Coin ====
30000	300	99	316	115	20
30001	318	99	334	115	20
30002	336	99	352	115	20
# ==== CARDS ====
50058	298	350	314	366	90
50059	257	373	273	389	90
50060	316	375	329	390	90
50061	309	121	325	137	21
50062	277	374	293	390	90
50063	329	375	342	391	90
50064	258	350	274	366	90
50065	297	373	313	389	90
50066	343	374	357	390	90
# ani_id	sprite1_id	time1	sprite2_id	time2	...
[ANIMATIONS]
# ==== Brick =========
6221	22001	100
6222	22002	100
6223	22003	100
6224	22004	100
6225	22005	100
# ==== IconP ====
5006	50006	200	10999	200
# ==== transparent ====
0	10999	100
# ==== Coin ====
300	30000	100	30001	100	30002	100	30001	100
# ==== Cards ====
5057	50058	100	50061	100	50064	100
5058	50058	100
5061	50061	100
5064	50064	100
5059	50059	100	50060	100
5062	50062	100	50063	100
5065	50065	100	50066	100
5066	50058	100	10999	100
5067	50061	100	10999	100
5068	50064	100	10999	100
[ANIMATION_SETS]
# transparent
0	0
# Brick
426	6221
120	6222
121	6223
122	6224
123	6225
# Coin
6	300
# Card
57	5057	5058	5061	5064	5059	5062	5065
58	5066	5067	5068	5058	5061	5064	
[OBJECTS]
Resources\Scene\World1-1\world1-1-1.txt